23
0 117 73 119 87 76 81 49 96 67 65 35 65 45 56 39 56 103 105 37 85 118 52 
56 0 63 89 99 59 84 111 47 62 54 52 85 50 105 111 76 92 87 68 82 77 59 
86 127 0 100 69 48 113 91 72 52 116 33 50 74 112 66 51 20 93 126 35 88 87 
85 67 82 0 90 60 80 49 82 89 48 76 106 41 67 59 65 123 97 68 119 108 64 
78 136 93 74 0 90 88 89 77 119 99 66 27 87 75 87 88 66 83 66 91 75 52 
73 67 130 75 102 0 31 90 78 70 100 76 94 64 113 64 58 77 107 43 91 65 62 
74 56 102 131 101 98 0 82 54 35 46 70 74 75 91 84 62 105 70 94 97 75 42 
64 50 95 87 46 117 72 0 107 89 19 100 79 97 63 100 32 76 93 57 88 50 79 
74 173 36 60 80 62 84 81 0 75 40 65 86 67 96 83 24 81 129 105 48 68 66 
112 48 91 48 74 131 108 55 85 0 97 65 82 39 119 76 89 20 120 81 112 114 75 
100 60 65 51 97 93 112 16 96 100 0 105 90 109 100 75 16 8 107 88 117 45 59 
40 90 65 73 52 70 69 59 125 126 73 0 43 50 45 82 126 116 73 86 59 93 103 
51 117 33 131 71 127 78 30 109 62 77 74 0 69 90 77 50 140 29 78 31 97 101 
117 49 110 122 89 73 116 90 68 128 51 40 96 0 86 21 38 34 84 140 84 68 20 
94 117 47 99 75 88 86 43 50 96 83 105 111 95 0 62 77 29 72 102 95 63 107 
57 76 29 43 86 87 76 44 67 80 78 84 75 70 71 0 64 74 106 61 95 79 131 
71 66 88 87 88 96 48 72 63 113 68 95 79 65 59 71 0 93 71 78 35 68 121 
64 37 84 88 127 51 60 30 88 124 57 82 110 109 97 121 86 0 25 44 76 90 89 
91 99 53 105 55 79 77 125 60 87 12 79 107 53 36 89 55 73 0 127 4 116 57 
52 61 107 14 95 85 33 89 79 116 135 86 62 71 127 100 83 77 54 0 73 78 140 
73 83 48 96 47 44 63 83 60 122 62 63 42 108 87 21 59 118 107 59 0 49 35 
55 64 54 63 77 62 64 42 123 51 70 119 113 47 38 80 101 103 67 97 69 0 27 
68 158 92 24 69 37 47 84 18 49 61 61 108 48 96 83 93 128 76 71 62 50 0 
