18
0 108 114 85 143 93 52 41 73 51 19 60 69 66 85 24 43 63 
70 0 92 94 44 34 59 89 16 19 108 22 114 96 99 107 91 119 
68 55 0 136 73 71 71 104 101 80 83 66 57 103 64 97 46 82 
28 70 76 0 55 57 74 55 77 95 79 72 93 111 100 99 118 72 
76 84 134 101 0 56 65 50 52 67 41 93 91 75 84 124 86 88 
43 58 118 83 131 0 88 84 97 137 113 64 79 88 139 75 138 43 
13 101 114 78 77 96 0 57 64 111 84 128 60 85 73 61 70 101 
48 80 31 82 61 106 40 0 62 99 82 35 54 100 76 59 101 94 
50 100 89 81 121 73 88 90 0 90 29 66 51 143 73 91 102 149 
77 68 88 92 39 47 97 28 100 0 79 57 45 94 107 79 98 93 
100 19 42 98 91 33 67 74 103 67 0 80 83 66 8 87 106 104 
69 71 69 55 61 104 78 109 58 69 76 0 58 64 94 74 83 150 
76 91 97 85 89 85 49 137 92 83 75 52 0 53 96 62 48 73 
97 108 115 82 72 82 105 116 75 74 106 57 44 0 89 159 66 94 
28 32 50 69 67 31 81 88 56 110 96 95 24 111 0 84 24 74 
44 68 134 162 108 129 39 51 91 87 117 148 113 59 69 0 102 78 
100 96 43 33 58 97 141 83 68 64 111 113 98 83 87 65 0 70 
162 57 35 92 117 108 79 64 109 118 126 36 116 85 72 34 118 0 
