55
0 82 89 60 118 69 27 40 53 28 7 40 46 41 60 12 24 39 48 66 70 22 17 35 65 9 45 83 14 92 71 75 82 65 102 48 30 113 51 46 45 79 76 59 67 41 33 84 39 73 21 74 3 46 52 
30 0 34 51 55 51 70 54 47 68 89 76 75 100 46 51 60 111 76 31 48 36 29 42 49 67 68 50 71 99 60 64 32 49 99 58 110 65 61 72 113 88 39 56 64 113 54 113 37 18 77 93 57 54 71 
47 46 0 86 60 103 37 60 50 37 45 77 30 55 7 57 45 84 26 44 77 59 12 30 75 51 35 76 69 28 76 69 59 96 48 63 65 65 16 47 37 117 48 66 79 124 58 50 63 67 24 30 76 8 76 
55 34 22 0 73 84 57 72 68 74 6 17 72 66 8 55 49 78 43 55 59 43 23 62 81 82 44 50 44 30 38 79 65 91 33 53 51 34 46 69 49 59 125 51 69 71 59 65 66 38 112 70 70 51 34 
36 77 43 23 0 48 77 84 89 58 53 61 80 95 50 65 81 37 19 64 134 49 70 5 32 25 45 47 9 60 66 30 85 71 72 5 86 59 4 49 37 44 109 138 83 105 26 28 68 63 93 123 88 36 44 
77 58 80 72 24 0 32 32 73 115 64 43 40 86 90 73 57 66 40 55 137 45 11 69 92 82 54 40 86 94 109 11 91 60 50 14 94 72 44 63 91 45 31 37 57 65 76 57 62 50 44 80 28 56 54 
41 55 101 26 45 30 0 45 37 22 59 93 78 43 53 12 66 32 30 89 10 117 53 74 86 26 38 81 81 63 58 130 61 96 43 82 21 83 45 33 59 81 47 23 37 18 66 9 43 117 24 38 63 17 33 
79 63 60 12 72 67 76 0 62 57 61 65 59 29 23 45 62 72 74 33 51 82 92 68 47 39 69 39 83 32 75 109 47 91 43 62 30 15 12 41 52 69 101 148 38 44 86 23 30 59 32 40 66 52 51 
43 36 16 13 59 26 59 102 0 6 58 47 35 54 16 25 37 71 10 3 105 81 80 23 46 66 64 69 48 74 54 108 75 51 100 55 40 34 12 68 57 89 68 92 70 88 45 94 71 70 36 25 49 26 56 
35 27 31 88 35 17 98 55 67 0 74 1 121 56 94 43 67 52 67 70 85 55 86 97 58 25 80 76 46 113 123 11 44 39 16 64 58 39 44 36 20 82 29 63 49 70 69 74 32 86 48 61 112 55 30 
50 36 75 112 23 94 78 77 31 90 0 56 102 21 24 94 22 73 95 67 42 38 70 72 79 41 81 74 69 67 69 11 26 38 38 27 53 62 52 111 49 58 126 57 95 86 32 84 25 107 91 65 39 44 58 
90 38 55 65 73 10 45 28 14 85 87 0 70 12 49 44 62 31 47 44 72 44 33 91 68 54 54 98 49 29 86 89 62 31 16 133 61 60 3 80 76 63 57 56 19 77 68 76 53 57 31 72 48 61 32 
53 52 31 33 53 30 48 134 123 36 38 92 0 21 34 71 89 32 53 45 46 24 63 5 85 53 68 107 81 57 41 61 32 70 133 38 21 68 49 93 32 50 25 37 69 75 41 90 27 39 51 14 44 68 52 
62 23 59 43 58 69 56 30 34 92 21 108 43 0 57 45 72 34 53 72 42 36 22 18 109 69 90 23 44 51 115 51 14 79 28 80 12 68 77 73 95 61 41 61 67 60 57 109 91 11 54 77 14 77 20 
51 80 114 92 55 37 83 69 56 45 63 52 43 83 0 34 70 43 28 47 69 42 61 57 31 15 71 57 66 54 90 62 33 67 49 23 22 55 25 80 50 41 100 72 57 19 69 69 37 48 76 68 29 30 64 
58 68 112 65 93 52 52 83 78 70 21 39 21 35 32 0 48 31 92 62 24 25 96 56 42 50 27 68 51 57 28 50 30 21 84 93 62 21 58 17 62 21 46 73 41 83 58 52 90 77 80 29 95 100 80 
18 89 23 10 93 79 109 95 86 29 21 84 84 84 97 96 0 96 19 106 48 28 33 54 59 56 88 57 87 48 97 54 9 37 59 53 62 49 44 52 65 51 93 61 109 106 95 22 8 34 55 92 67 14 92 
39 8 72 59 46 21 71 29 59 15 24 56 72 67 60 50 46 0 24 57 56 80 109 81 67 19 46 83 82 64 88 10 69 60 39 78 41 86 59 32 84 34 82 42 29 51 83 70 70 21 90 123 138 68 35 
49 32 66 17 11 48 18 50 78 63 97 85 72 31 74 36 147 63 0 103 35 32 60 57 94 83 44 50 47 58 104 46 33 103 45 44 62 49 88 36 21 15 87 44 83 54 56 83 96 55 50 31 6 18 53 
35 112 91 103 29 7 61 44 53 39 18 61 71 78 73 42 32 50 82 0 45 15 66 37 58 31 18 48 79 82 60 50 45 19 89 46 31 63 75 74 25 104 96 37 43 46 97 55 67 92 29 58 19 122 52 
110 53 47 60 84 33 62 57 107 49 65 46 33 67 36 21 41 46 81 36 0 43 42 49 99 60 113 45 60 3 49 47 48 116 42 28 45 60 74 57 56 88 119 81 92 87 12 24 47 46 53 99 62 88 31 
68 44 78 45 54 63 76 32 38 68 34 43 37 77 51 42 47 63 49 54 59 0 23 31 23 97 58 31 68 109 23 23 92 69 89 78 24 28 43 64 89 18 26 57 111 44 42 70 59 64 30 54 70 106 49 
81 34 38 23 34 93 78 85 82 27 55 69 73 60 34 40 26 36 76 53 79 102 0 63 51 27 83 55 15 64 16 41 52 62 32 41 54 87 59 72 80 62 42 39 112 45 14 62 59 83 22 24 87 44 83 
53 98 33 75 64 40 73 20 133 47 51 80 57 19 59 52 61 35 68 60 65 46 65 0 97 45 60 39 82 127 43 68 58 100 21 71 41 51 53 75 65 45 55 77 114 65 83 97 40 68 42 71 40 58 52 
69 65 65 66 119 82 71 64 84 65 29 37 41 69 58 34 18 41 23 40 56 41 70 48 0 93 80 38 15 69 34 45 17 10 54 33 45 37 51 22 62 89 84 45 35 48 16 90 93 92 22 43 55 66 76 
45 130 34 49 74 149 106 67 16 72 52 44 104 41 24 86 27 67 31 59 63 63 70 61 54 0 53 66 58 82 25 47 47 72 38 18 64 27 60 42 49 63 46 56 54 38 81 95 43 21 74 32 45 36 102 
83 25 77 66 109 31 82 89 30 74 66 31 76 48 47 101 34 28 43 54 14 79 77 69 77 29 0 50 40 60 73 81 36 38 58 76 59 105 18 71 75 60 24 78 83 56 61 64 60 50 99 74 15 53 89 
50 53 96 79 61 49 71 73 103 27 108 70 60 52 130 11 77 93 67 107 78 56 34 77 53 11 57 0 37 62 54 97 112 30 57 66 77 17 71 75 14 71 71 68 118 31 49 38 54 63 86 111 65 61 28 
49 40 60 72 67 92 75 96 73 33 99 31 59 89 42 85 7 22 65 130 60 62 37 49 37 87 24 28 0 24 68 28 48 49 60 39 9 65 23 31 82 75 102 70 44 82 43 36 74 9 53 56 60 6 12 
51 30 58 70 34 66 44 86 50 29 32 21 42 62 70 53 41 18 77 64 122 69 30 55 77 48 57 112 73 0 130 22 34 41 106 28 35 74 60 75 110 53 36 97 24 61 38 26 39 119 36 49 28 27 46 
38 64 55 42 78 74 104 62 48 24 36 23 18 36 9 26 40 59 75 36 51 13 24 51 32 125 31 78 74 83 0 58 33 64 73 35 42 58 30 9 69 76 60 100 50 52 44 58 64 39 43 104 47 17 70 
71 53 18 76 116 20 14 82 100 35 102 95 65 78 94 41 23 84 56 11 64 92 80 77 14 82 3 43 65 95 37 0 30 68 47 38 41 56 90 80 14 49 31 23 50 81 51 71 59 52 72 45 121 59 54 
80 35 37 75 78 109 72 43 14 64 67 66 1 32 16 76 62 62 52 67 75 84 65 95 59 115 42 62 52 54 22 49 0 88 49 13 56 70 54 30 85 30 21 40 127 10 38 34 68 50 76 39 66 56 58 
47 108 38 65 50 46 92 81 102 48 58 52 39 26 49 36 35 7 28 52 54 21 36 28 7 78 2 41 58 57 58 80 109 0 49 56 93 74 59 79 97 61 110 57 88 79 88 130 48 75 59 59 6 57 43 
50 64 55 29 81 57 44 37 95 98 36 49 64 41 61 36 56 86 60 93 17 104 97 35 43 64 61 61 87 25 67 64 54 63 0 13 91 66 84 27 67 85 66 27 39 42 129 32 29 78 83 78 22 120 72 
64 57 81 25 56 20 47 46 62 22 72 19 64 68 48 53 72 28 50 42 86 68 46 24 100 60 77 55 54 58 56 59 46 54 111 0 88 31 51 23 71 60 51 139 55 84 53 19 23 35 111 32 33 82 41 
51 92 40 54 26 50 55 23 77 83 101 94 54 25 42 28 78 83 49 41 35 92 96 49 75 34 82 52 48 47 94 36 59 45 64 35 0 44 48 99 77 39 50 55 12 37 115 42 54 29 60 42 42 70 76 
54 72 27 109 46 100 113 16 62 41 51 16 50 40 27 109 81 66 70 47 29 83 42 39 71 41 32 50 49 82 26 55 71 62 35 103 73 0 100 41 84 42 33 77 34 54 49 61 81 59 50 92 20 70 61 
17 35 41 88 108 58 25 14 107 46 19 22 68 68 21 50 70 76 96 71 60 32 67 49 71 23 11 45 76 23 85 45 46 92 73 70 9 45 0 31 83 50 67 117 44 87 89 88 63 68 53 26 33 127 56 
45 5 55 48 36 58 65 51 94 28 62 68 34 42 30 101 23 35 38 63 65 26 79 95 81 48 53 81 52 20 19 63 4 94 52 64 37 97 69 0 81 30 75 69 44 29 111 15 53 27 64 41 56 54 79 
77 34 121 63 79 106 18 54 28 77 97 29 60 71 59 72 33 65 95 100 76 51 70 17 53 28 82 70 114 52 72 56 41 135 71 87 87 88 87 41 0 68 103 88 81 57 75 32 48 62 81 19 130 63 65 
33 76 67 93 77 19 21 86 93 41 74 53 34 34 29 124 33 49 54 43 81 35 36 49 52 75 79 49 55 86 42 48 47 97 97 95 85 32 73 59 36 0 63 59 67 30 71 55 37 80 104 29 40 19 119 
94 86 24 81 121 77 35 34 60 89 57 51 22 59 73 71 78 50 33 9 59 52 34 113 38 42 44 74 69 43 86 26 48 112 18 45 82 20 43 56 20 14 0 53 39 63 69 69 60 28 60 51 51 64 53 
68 7 50 3 59 77 52 46 66 50 24 103 50 66 80 79 31 109 75 40 26 61 61 92 50 73 94 46 51 17 83 52 62 77 90 83 83 55 53 76 95 80 76 0 32 96 32 44 90 27 59 28 40 74 63 
10 72 121 75 63 60 44 87 56 55 66 48 34 56 67 71 60 46 59 72 51 60 48 67 58 51 76 58 73 74 38 43 69 47 47 68 108 72 52 43 59 33 28 65 0 62 34 112 106 61 56 48 51 66 36 
52 89 33 60 69 20 19 51 62 91 88 90 75 40 48 78 39 76 66 31 51 49 4 40 53 62 68 16 96 96 43 77 52 82 35 76 16 71 51 57 59 43 55 49 35 0 27 72 59 33 24 56 72 86 56 
76 79 28 77 66 20 98 16 108 77 73 67 19 34 50 60 38 66 51 75 35 43 46 60 61 87 37 61 21 72 59 67 57 59 28 57 107 40 28 43 69 89 45 77 20 36 0 27 62 30 9 18 17 124 38 
40 36 34 68 79 24 103 46 33 63 79 48 56 40 35 106 25 75 36 70 101 107 37 103 61 23 73 106 63 41 50 16 56 113 62 26 67 36 53 61 117 59 25 39 68 71 61 0 23 69 74 59 40 50 42 
22 27 45 59 32 117 12 103 88 104 66 4 18 21 98 60 95 55 44 27 26 82 41 30 25 48 73 62 71 77 88 73 35 19 20 34 93 27 23 127 12 39 60 104 66 102 43 64 0 39 33 38 82 58 93 
80 80 111 88 33 74 51 70 82 69 71 60 61 69 86 100 56 60 72 84 22 22 31 16 32 35 99 22 7 73 76 36 93 5 84 40 63 49 67 74 62 66 93 16 61 65 114 82 101 0 45 59 33 81 52 
44 45 35 53 56 40 51 41 65 72 35 47 83 55 34 27 86 144 59 23 65 74 76 80 66 62 118 30 23 88 41 51 49 92 55 42 95 77 88 68 56 59 66 66 48 28 36 87 50 41 0 23 92 73 50 
96 39 40 50 24 38 51 54 40 46 55 68 60 73 22 101 120 57 73 89 85 45 45 82 77 11 58 32 85 76 79 32 44 37 85 114 81 72 17 35 85 45 59 53 71 85 94 68 25 88 93 0 39 57 15 
36 91 39 59 62 48 36 50 43 26 72 57 37 23 25 38 97 51 58 110 67 74 96 60 38 11 18 60 28 40 60 38 61 54 97 103 10 55 48 71 64 53 34 48 61 48 23 89 46 102 37 69 0 37 55 
75 37 47 14 49 47 74 48 76 41 41 41 78 47 72 65 86 39 64 39 71 76 41 80 18 19 64 79 114 61 89 57 50 79 47 25 26 48 94 47 71 137 72 39 46 104 70 33 79 47 80 72 33 0 26 
69 88 77 62 58 41 57 73 58 87 10 29 57 52 38 84 76 71 50 94 21 20 60 36 45 22 92 104 22 9 72 31 53 27 47 70 34 41 14 70 101 56 87 53 73 67 60 73 27 102 40 29 119 30 0 
