 1 11 tsp_tests\sp11.txt  4     30,020  133     480622     1,593    - 5 1 9 2 10 3 6 4 7 8 11 
 2 11 tsp_tests\sp11.txt  4     30,009  133      12507     0,040    - 3 6 4 7 8 11 5 1 9 2 10 
 3 11 tsp_tests\sp11.txt  4     30,011  133       4858     0,016    - 2 10 3 6 4 7 8 11 5 1 9 
 4 11 tsp_tests\sp11.txt  4     30,008  133     216702     0,817    - 3 10 2 9 1 5 11 8 7 4 6 
 5 11 tsp_tests\sp11.txt  4     30,004  133       3947     0,037    - 5 11 8 7 4 6 3 10 2 9 1 
 6 11 tsp_tests\sp11.txt  4     30,023  133       4729     0,019    - 6 3 10 2 9 1 5 11 8 7 4 
 7 11 tsp_tests\sp11.txt  4     30,001  133       9348     0,036    - 6 4 7 8 11 5 1 9 2 10 3 
 8 11 tsp_tests\sp11.txt  4     30,008  133       6464     0,028    - 2 10 3 6 4 7 8 11 5 1 9 
 9 11 tsp_tests\sp11.txt  4     30,017  133       2568     0,009    - 9 1 5 11 8 7 4 6 3 10 2 
10 11 tsp_tests\sp11.txt  4     30,014  133     194955     0,732    - 10 2 9 1 5 11 8 7 4 6 3
Optimal found 10 times   Average = 133.0   Std Dev = 0.0   
