 1 10 tsp_tests\ex10.txt  4      1,019  413       2277   0,046    - 1 2 4 6 5 7 8 9 10 3 
 2 10 tsp_tests\ex10.txt  4      1,027  413       7354   0,028    - 4 2 1 3 10 9 8 7 5 6 
 3 10 tsp_tests\ex10.txt  4      1,020  413       1715   0,010    - 5 7 8 9 10 3 1 2 4 6 
 4 10 tsp_tests\ex10.txt  4      1,014  413       1878   0,005    - 1 3 10 9 8 7 5 6 4 2 
 5 10 tsp_tests\ex10.txt  4      1,010  419      13928   0,047    - 1 2 3 4 6 5 7 8 9 10 
 6 10 tsp_tests\ex10.txt  4      1,035  413        620   0,005    - 7 8 9 10 3 1 2 4 6 5 
 7 10 tsp_tests\ex10.txt  4      1,029  413       4734   0,016    - 7 8 9 10 3 1 2 4 6 5 
 8 10 tsp_tests\ex10.txt  4      1,017  413      12743   0,023    - 4 2 1 3 10 9 8 7 5 6 
 9 10 tsp_tests\ex10.txt  4      1,015  413       8298   0,016    - 2 1 3 10 9 8 7 5 6 4 
10 10 tsp_tests\ex10.txt  4      1,015  413       5201   0,021    - 5 7 8 9 10 3 1 2 4 6
Optimal found 10 times   Average = 413,0   Std Dev = 0,0   
