 1 48 tsp_tests\att48.txt  4   3600,016 35339  826987996   3204,664     - 39 32 24 10 45 35 4 26 42 2 29 5 48 25 13 14 34 41 3 23 11 12 15 46 18 7 28 6 37 19 27 17 43 30 36 44 31 38 9 8 1 16 22 40 33 20 47 21 
 2 48 tsp_tests\att48.txt  4   3600,027 34536  970745299   3065,345     - 23 14 25 13 21 39 32 24 45 35 4 26 10 42 2 29 5 48 34 41 3 22 16 1 8 9 38 31 44 18 7 28 30 43 17 27 19 37 6 36 46 33 15 40 12 20 47 11 
 3 48 tsp_tests\att48.txt  4   3600,029 34942  767298963   2445,072     - 40 3 22 16 41 34 48 5 29 2 4 26 42 10 35 45 24 32 39 25 14 23 13 21 47 20 11 12 15 33 46 36 30 43 17 27 19 37 6 28 7 18 44 31 38 9 8 1 
 4 48 tsp_tests\att48.txt  4   3600,016 34961 1102302946   3551,544     - 12 46 36 28 30 43 17 27 19 37 6 7 18 44 31 38 9 8 1 22 16 41 34 3 23 14 13 25 48 5 29 2 42 10 26 4 35 45 24 32 39 21 47 20 33 15 40 11 
 5 48 tsp_tests\att48.txt  4   3600,038 34799 1072713049   3450,732     - 25 23 3 40 15 12 11 47 20 33 46 36 28 30 43 17 27 19 37 6 7 18 44 31 38 9 8 1 22 16 41 34 14 13 21 39 32 24 10 45 35 4 26 42 2 29 5 48 
 6 48 tsp_tests\att48.txt  4   3600,023 34234  916533639   2926,782     - 37 6 36 46 15 33 20 47 21 13 14 25 39 32 48 5 42 24 10 45 35 4 26 2 29 34 41 16 22 3 23 11 12 40 1 8 9 38 31 44 18 7 28 30 43 17 27 19 
 7 48 tsp_tests\att48.txt  4   3600,029 34677  608653348   1963,443     - 19 27 17 43 30 7 18 44 31 38 8 1 9 40 15 11 23 3 22 16 41 34 14 48 5 29 2 42 10 26 4 35 45 24 32 39 25 13 21 47 20 12 33 46 36 28 6 37 
 8 48 tsp_tests\att48.txt  4   3600,017 34421 1021578115   3239,787     - 16 22 3 34 14 25 13 23 11 12 15 33 46 36 30 43 17 27 19 37 6 28 7 18 44 31 38 9 8 1 40 20 47 21 32 39 48 5 42 24 10 45 35 4 26 2 29 41 
 9 48 tsp_tests\att48.txt  4   3600,029 34863  367991230   1171,476     - 16 22 3 41 34 14 25 29 2 26 4 35 45 10 24 42 5 48 39 32 21 13 23 11 47 20 12 15 33 46 36 30 43 17 27 19 37 6 28 7 18 44 31 38 9 40 1 8 
10 48 tsp_tests\att48.txt  4   3600,014 34118  849851246   2673,091     - 21 47 20 36 30 43 17 27 19 37 6 28 7 18 44 31 38 8 1 9 40 15 46 33 12 11 23 13 25 14 34 3 22 16 41 29 2 26 4 35 45 10 24 42 5 48 39 32 
Optimal not found Best Sol = 34118 ( +1,7% )   Average = 34689,0   Std Dev = 350,9  
Optimal = 33551